100
85.0 68.8
69.4 88.5
72.3 61.7
80.3 15.3
96.8 12.2
28.5 68.4
15.9 59.8
10.3 73.9
71.5 4.6
42.2 21.2
83.0 78.0
21.3 59.2
56.1 4.4
61.7 9.2
75.8 76.4
1.0 42.9
26.8 11.9
18.5 0.9
9.5 80.5
23.9 81.9
37.3 90.9
65.4 62.0
76.8 9.8
14.6 17.9
70.9 60.9
35.5 72.1
77.0 5.2
22.1 3.8
6.4 11.4
43.1 60.4
25.0 56.8
65.8 99.8
4.8 58.0
77.2 81.7
81.3 6.9
46.8 62.8
45.0 37.9
66.0 36.0
65.6 33.1
16.6 44.5
89.2 52.7
80.9 30.7
16.6 9.0
31.4 66.1
67.7 88.9
14.5 54.2
1.3 9.1
61.4 36.4
82.4 16.6
18.8 2.6
40.6 13.4
68.0 64.6
27.0 14.4
21.8 26.2
32.4 68.6
90.9 37.4
47.0 50.1
8.7 99.0
54.2 32.1
85.8 11.9
77.4 64.1
24.1 13.9
59.3 63.7
48.8 68.4
75.9 4.9
12.8 12.2
51.9 84.2
29.1 22.7
9.0 68.1
32.5 79.4
74.3 25.6
42.6 4.5
48.5 82.5
44.6 83.4
21.8 8.9
15.3 22.1
65.2 36.9
91.0 88.4
27.2 68.6
93.2 97.8
72.0 59.9
10.2 71.1
91.4 22.8
68.2 42.7
95.4 78.6
85.8 72.9
34.6 58.0
92.9 2.5
92.6 86.2
86.9 5.8
12.4 83.8
53.3 14.0
69.6 78.3
14.0 99.8
64.6 25.7
12.5 57.2
45.6 54.9
81.6 83.7
96.0 25.8
78.8 56.6
